80,49
80,48
80,47
80,46
80,45
80,44
80,43
80,42
80,41
80,40
80,39
80,38
80,37
80,36
80,35
81,3
81,2
81,1
81,0
73,2
73,0
0,278
0,9
72,2
72,0
0,273
0,270
3,2
3,1
3,3
10,188
10,251
10,189
10,159
10,145
10,169
10,25
11,17
11,11
11,23
11,20
11,18
9,6
9,4
8,15
8,11
8,6
8,17
8,12
8,2
78,4
78,3
78,2
78,1
78,0
75,3
75,2
75,1
75,0
73,3
73,1
72,3
72,1
20,3
20,2
20,1
17,3
19,2
19,1
17,2
17,1
16,3
16,2
19,3
16,1
15,3
15,2
15,1
14,2
13,2
12,3
12,2
12,1
11,28
11,26
11,25
11,22
11,21
11,19
11,14
11,12
11,7
11,4
11,3
11,2
11,1
10,302
10,291
10,283
10,281
18,1
10,273
18,3
10,258
